1406 0317
907 0390
676 0038
557 0441
545 0473
540 0448
442 0105
430 0389
373 0563
344 0149
321 0025
317 0474
316 0194
302 0317 0448
301 0093
286 0576
282 0442
281 0338
274 0425
273 0248
233 0447
203 0096
190 0276
183 0258
182 0060
180 0118
175 0797
175 0487
173 0716
172 0317 0563
170 0374
164 0617
160 0150
155 1835
153 1048
148 0339
142 0942
140 0509
140 0078
136 0003
134 0174
133 0390 0425
133 0934
130 0565
128 0394
127 0317 0390
126 0038 0317
125 0038 0105
123 0317 0473
122 0009
121 0088
117 0745
116 0880
116 0195
116 0881
113 0282
111 1573
111 0415
110 0298
109 0404
109 2068
109 0317 0389
108 0453
107 0194 0934
107 1102
106 0139
106 0416
104 0234
102 0412
100 1889
98 0140
97 0830
97 0495
95 1815
94 0390 0473
