703 0458
676 0067
517 0060
498 0248
396 0418
329 0025
316 0526
304 0473
274 0177
235 0225 0407
234 0525
230 0117
229 0752
228 0362
225 0066
221 0382 0390
218 0234
215 0088
204 0501
202 1201
200 0382 0723
196 0330
193 0181
184 0122
182 1263
180 0093
179 0174
170 0987
163 0180
162 0245
160 0721
159 0755
157 0382 0407
156 0038
154 0225 0382
153 0045
152 1129
149 0425
147 0152
146 0083
141 0098 0118
137 0298 1832
135 0116
127 0382 0422
124 0626
124 0099
121 0078
117 0435
117 0909
116 0797
116 1044
114 0594
112 0718
111 0874
110 0601
110 0299
109 0618
107 0003
107 0642
107 0332
106 1259
106 0134
105 0027
105 1975
104 0495
103 1650
101 0827
