1817 0006
951 0060
792 0248
720 0025
676 0181
637 0018
590 0479
565 0481
488 0323
382 0439
380 0397
343 0374
342 0288
304 0832
288 0003
280 0543
260 0234
257 0325
256 0298
256 0838
241 0056
225 0436
224 0326
219 0149
212 0488
212 0006 0326
208 0284
203 0088
200 0021
198 1261
194 0164
194 0134
189 0191
187 0418
182 0678
178 0376
176 0967
173 0040
168 0177
166 0190
156 0390
155 0453
151 0006 0060
151 0591
147 0590
147 0118
146 0323 0439
145 0164 0436
143 0272
137 0104
137 0045
136 1029
133 0193
133 0006 0288
133 0204
132 0722
132 0018 0479
131 0424
130 1183
125 0336
123 0288 0436
123 0006 0025
121 0244
121 1201
120 0544
116 0164 0288
112 1789
109 1585
109 0473
108 0946
