1078 0084
933 0387
722 0025
549 0067
493 0137
433 0060
406 0374
402 0031
321 0152
309 0036
287 0317
262 0138
250 0105
228 0088
226 0006
225 0205
216 0764
214 0627
207 0034
187 0032
184 0007
179 0051
175 0234
175 0084 0387
150 0188
150 0082
148 0233
145 0784
141 1836
141 1119
140 0973
139 1022
137 0496
137 0792
135 0237
133 0757
132 0211
130 0610
130 0026
130 0043
129 0003
129 1076
126 0174
125 0387 0764
123 0085
121 0496 1836
121 0893
115 0532
112 0559
108 0462
107 0084 0784
106 0481
105 0497
104 0025 0067
102 0686
101 0000
99 0250
99 0573
98 0096
