1760 0105
1608 0038
1474 0390
1082 0190
734 0397
702 0026
677 0066
669 0028
575 0067
565 0253
464 0548
427 0359
425 0025
411 0234
409 0190 0397
393 0400
378 0122
378 0129
371 0038 0105
320 0382
280 0317
244 0066 0400
237 0554
235 0188
228 0255
226 0105 0390
226 0105 0190
225 0038 0066
222 1044
219 0105 0253
209 0083
204 0092
203 0129 0390
200 0353
196 0294
188 0158
185 0382 0390
185 0038 0548
182 0028 0255
181 0443
178 0253 0390
172 0225
170 0038 0400
170 0196
169 0000
168 0105 0397
167 0282
166 0036
165 0027
163 0676
160 0183
152 0559
148 0084
145 0276
134 0026 0105
134 0067 0390
130 1163
130 0164
124 0547
124 0025 0105
121 0690
121 0969
120 0001
120 0088
120 0389
119 0029
118 0211
118 0038 0253
118 1744
117 0651
117 0105 0196
115 0233
114 0007
114 0479
113 0299
111 0206
111 0537
110 0026 0129
110 0121
108 0487
108 0745
107 0472
106 0858
106 0066 0105
