0.6704 0400
0.6704 0255
0.6704 0105 0253
0.6704 0253
0.6704 0129
0.6704 0066 0400
0.6704 0038 0066
0.6704 0129 0390
0.6704 0028 0255
0.6704 0253 0390
0.6704 0105 0397
0.6704 0969
0.6704 0038 0253
0.6704 1744
0.6704 0206
0.6704 0026 0129
0.6704 0121
0.6704 0472
0.6704 0038 0400
0.6704 0066 0105
0.6639 0294
0.6632 0158
0.6595 0105 0190
0.6153 0026 0105
0.6150 0353
0.6064 0105 0196
0.5894 0190 0397
0.5705 0554
0.5657 0001
0.5404 0190
0.5256 0196
0.5167 0359
0.5002 0028
0.4849 0092
0.4747 0651
0.4676 0858
0.4671 0038 0548
0.4383 0548
0.4334 0026
0.4299 0105 0390
0.3970 0676
0.3845 0183
0.3509 0690
0.3472 0105
0.3349 0029
0.3080 0443
0.2997 0066
0.2603 1163
0.2515 0038 0105
0.2490 0547
0.2023 0067 0390
0.1981 0025 0105
0.1641 0038
0.1444 0397
0.1414 0122
0.1072 1044
0.0554 0537
0.0391 0234
0.0031 0027
0.0026 0000
-0.0214 0390
-0.0337 0188
-0.0507 0083
-0.0752 0282
-0.1180 0559
-0.2671 0299
-0.3885 0745
-0.4046 0211
-0.4078 0067
-0.4203 0382 0390
-0.5149 0233
-0.5377 0276
-0.5712 0164
-0.7078 0007
-0.7193 0487
-0.7538 0025
-0.8382 0036
-0.8576 0088
-1.0720 0225
-1.3578 0382
-1.5260 0389
-1.8803 0479
-1.9197 0317
-2.3718 0084
