0.7170 0225 0407
0.7170 0382 0407
0.7170 0382 0422
0.7170 0594
0.7170 0458
0.7170 0723
0.7170 0407
0.7170 0422
0.7170 0382 0723
0.7170 0330
0.7170 0721
0.7170 0618
0.7170 0117
0.7170 0332
0.7170 1975
0.7148 0225 0382
0.6642 0525
0.6100 1650
0.5627 0099
0.5601 0642
0.5594 0987
0.5359 0874
0.5059 1129
0.4574 0526
0.4380 0501
0.4304 1263
0.4091 1259
0.4048 0382
0.3993 0626
0.3975 0098
0.3635 0098 0118
0.3373 0718
0.3025 0225
0.3006 0118
0.2941 0752
0.2869 0362
0.2834 0435
0.2590 0601
0.2564 1832
0.2552 0298 1832
0.2358 0418
0.1588 0180
0.1452 0298
0.1301 0827
0.1202 0909
0.1169 0245
0.1166 1201
0.1040 0177
0.0843 0755
-0.0391 0116
-0.0807 0382 0390
-0.0892 0174
-0.1287 0045
-0.1322 0067
-0.2228 0299
-0.2336 0495
-0.3174 0088
-0.3921 0078
-0.4851 0083
-0.5658 0027
-0.5793 0248
-0.6099 0797
-0.7011 0093
-0.7071 0134
-0.7118 0060
-0.7320 0234
-0.7461 1044
-0.7647 0473
-0.7830 0390
-0.7884 0425
-0.8141 0122
-0.9452 0152
-0.9501 0025
-1.0904 0003
-1.2064 0066
-1.3769 0181
-2.7025 0038
