0.6470 0326
0.6470 0967
0.6470 0323 0439
0.6470 0288 0436
0.6470 0544
0.6470 0164 0288
0.6470 1585
0.6470 0323
0.6470 0543
0.6470 0006 0326
0.6470 0678
0.6470 0164 0436
0.6470 0006 0288
0.6470 0018 0479
0.6470 0832
0.6470 0436
0.6470 0591
0.6470 1029
0.6080 0006 0060
0.5799 0191
0.5180 0288
0.5054 0018
0.5053 0838
0.4859 0006
0.4709 0479
0.4563 0439
0.4271 1183
0.4176 0006 0025
0.4140 0722
0.4126 1261
0.4114 0336
0.4070 0481
0.3951 0040
0.3892 0325
0.3628 0590
0.3362 0021
0.3278 0181
0.3276 0284
0.3249 0376
0.3088 0488
0.2954 0272
0.2607 0056
0.1576 1789
0.1517 0204
0.1227 0244
0.0890 0003
0.0638 0060
0.0612 0134
0.0460 0946
-0.0137 0248
-0.0142 0164
-0.0151 0104
-0.0200 0424
-0.1158 0453
-0.1162 0193
-0.3470 0025
-0.3917 0045
-0.4312 0088
-0.4717 0374
-0.6421 0234
-0.7054 0177
-0.7152 0149
-0.7264 1201
-0.7754 0298
-0.8260 0397
-0.9503 0418
-1.5301 0118
-1.9379 0473
-2.1846 0190
-2.6595 0390
