0.7650 0474
0.7650 0576
0.7650 0317 0563
0.7650 0934
0.7650 0412
0.7650 0317 0448
0.7650 1573
0.7650 2068
0.7650 0317 0389
0.7650 0194 0934
0.7398 1835
0.6962 0317 0473
0.6826 0509
0.6750 0563
0.6349 0139
0.6226 0565
0.6129 0258
0.6003 0448
0.5895 0441
0.5804 1048
0.5753 0442
0.5726 0881
0.5568 0617
0.5342 0140
0.5327 0317 0390
0.4970 0880
0.4970 0317
0.4913 0194
0.4897 1815
0.4836 0389
0.4761 0942
0.4704 0338
0.4341 0716
0.3845 1889
0.3780 0404
0.3448 0415
0.3365 0447
0.3123 0390 0473
0.3105 1102
0.2964 0150
0.2935 0830
0.1967 0096
0.1866 0038 0317
0.1756 0425
0.1626 0473
0.1452 0487
0.1384 0339
0.1258 0093
0.1251 0149
0.0760 0390 0425
0.0684 0797
0.0610 0394
0.0455 0195
0.0205 0276
0.0184 0009
-0.0965 0078
-0.1047 0745
-0.1495 0416
-0.2490 0495
-0.4218 0174
-0.4482 0453
-0.4704 0282
-0.5537 0390
-0.7633 0088
-0.8046 0003
-0.9178 0038
-0.9351 0025
-0.9956 0374
-1.1281 0248
-1.1497 0038 0105
-1.1939 0118
-1.4693 0234
-1.4780 0105
-1.5484 0298
-1.8023 0060
