0.7221 0496
0.7221 0764
0.7221 0032
0.7221 1836
0.7221 0237
0.7221 0137
0.7221 0051
0.7221 0084 0387
0.7221 0784
0.7221 1076
0.7221 0387 0764
0.7221 0496 1836
0.7221 0893
0.7221 0462
0.7221 0084 0784
0.6406 0686
0.6183 0084
0.5935 0387
0.5710 0792
0.5342 0532
0.4982 0138
0.4720 0031
0.4614 0034
0.4399 0205
0.3782 0043
0.3676 0627
0.3606 1022
0.3518 0085
0.3357 0973
0.2806 0250
0.2395 0025 0067
0.2383 0082
0.2239 0152
0.1885 0497
0.1836 0036
0.1083 0007
0.0803 1119
0.0510 0610
0.0200 0757
-0.0255 0233
-0.0825 0374
-0.0932 0573
-0.1175 0211
-0.1904 0088
-0.1970 0025
-0.3901 0067
-0.4331 0559
-0.5075 0174
-0.5560 0188
-0.6147 0000
-0.8754 0060
-0.8917 0003
-0.8968 0096
-0.9396 0234
-1.8383 0317
-1.8612 0481
-1.8741 0026
-2.2033 0105
-2.3753 0006
